1.0	98.185	0.07	0.1	1.0	0.0	98.185
2.0	101.95	0.07	0.1	1.0	0.0	101.95
3.0	105.715	0.07	0.1	1.0	-3.073878853052277	7.53
1.0	111.46	0.12258	0.18422	0.91243	-3.0342841370266207	9.51
2.0	114.445	0.12353	0.18455	0.91174	-3.28190508397178	8.73
3.0	117.52	0.12449	0.18485	0.91113	-4.462899860988685	6.0600000000000005
1.0	121.1	0.15648	0.258	0.76782	-3.5879480380855027	6.655
2.0	123.43	0.15915	0.25881	0.76551	-4.167854093734542	5.91
3.0	125.895	0.1547	0.2459	0.76338	-4.989519566640916	4.795
1.0	129.115	0.16781	0.32309	0.60286	-4.134558527650235	5.6850000000000005
2.0	131.405	0.15652	0.29557	0.60055	-4.345273228141023	5.51
3.0	133.985	0.14895	0.27768	0.60863	-4.986535064594234	4.87
1.0	137.23	0.15366	0.37922	0.45421	-3.9092010032489055	5.825
2.0	139.725	0.13321	0.31547	0.46909	-4.107797944689631	5.74
3.0	142.85	0.12607	0.29559	0.48716	-4.3416937101668305	5.62
1.0	146.355	0.12752	0.42608	0.34458	-3.2225604607504335	6.63
2.0	149.265	0.10721	0.32634	0.38288	-3.7128336267106086	6.415
3.0	153.37	0.10264	0.30506	0.40874	-3.426097902656393	7.015000000000001
1.0	157.575	0.10511	0.46255	0.2829	-2.488940690893219	8.31
2.0	160.99	0.0888	0.32998	0.34002	-3.389734039435556	7.62
3.0	166.485	0.08749	0.30737	0.37205	-2.917467281568033	8.91
1.0	171.605	0.09622	0.4881	0.26304	-2.090509960717007	10.615
2.0	175.245	0.08088	0.32753	0.33041	-3.361092341751503	8.76
3.0	182.13	0.08156	0.30408	0.36519	-2.8009486972820112	10.525
1.0	187.94	0.09733	0.50484	0.26506	-1.8052078960998552	12.695
2.0	191.315	0.07916	0.32118	0.33766	-3.4849352772554854	9.185
3.0	198.985	0.07996	0.29804	0.36983	3.3556260963614566	11.045
1.0	199.44	0.09329	0.52897	0.22562	-3.1025527142004714	8.125
2.0	204.135	0.07795	0.31888	0.32195	-4.931132290736283	5.15
1.0	298.16	0.18237	0.39061	0.66699	-0.026951925754014956	94.025
2.0	299.215	0.1071	0.2191	0.69831	0.0917986986170462	100.23
3.0	301.165	0.10255	0.19973	0.7335	-4.989004218133389	3.005
1.0	310.22	0.15929	0.43098	0.47388	1.0911347378826939	11.005
2.0	311.155	0.10302	0.22322	0.59648	-1.696543549128073	9.99
3.0	314.185	0.0985	0.20377	0.63741	-4.995362297350304	3.9650000000000003
1.0	398.08	0.17067	0.34998	0.69664	0.07874689518126606	86.925
2.0	399.19	0.08844	0.16251	0.77748	-0.01571359217942161	85.005
3.0	401.795	0.08338	0.14984	0.79493	-4.98884695147874	3.715
1.0	411.19	0.15618	0.395	0.52005	1.097790413198554	12.0
2.0	412.145	0.08783	0.16729	0.69352	-2.187933314134784	10.35
3.0	416.485	0.08198	0.15389	0.7201	-4.868006592302369	5.295
1.0	498.07	0.16471	0.33024	0.71252	0.07879586463461423	85.925
2.0	499.225	0.07344	0.12746	0.82314	-0.04679161269525241	82.74
3.0	502.735	0.06964	0.11913	0.83508	-4.988827115390991	4.665
1.0	510.955	0.15575	0.37868	0.54041	0.8094750732415801	11.73
2.0	511.99	0.07635	0.13419	0.75199	-3.0154250461568712	9.255
3.0	519.435	0.06958	0.12352	0.77626	-3.733926080030522	8.48
1.0	598.065	0.16197	0.32047	0.72203	0.07514255255171857	86.075
2.0	599.245	0.06369	0.10652	0.85419	-0.08852966785270738	79.81
3.0	603.9	0.0608	0.10069	0.86266	-4.2351934392403905	5.835
1.0	612.975	0.15265	0.36771	0.56118	1.2211373914728256	13.73
2.0	613.925	0.06832	0.11662	0.79553	-3.1249241921173443	10.025
1.0	698.23	0.1604	0.31608	0.72495	0.08154337107103013	84.305
2.0	699.42	0.06048	0.09891	0.87358	0.1465771968855924	95.52
3.0	704.225	0.05452	0.08486	0.91779	-4.125708438543669	5.995
1.0	798.13	0.15541	0.27263	0.81433	0.03981040638151949	98.71000000000001
2.0	799.38	0.05873	0.09102	0.92168	-0.036298807681541374	95.155
3.0	804.93	0.05442	0.08258	0.94152	-3.5205059873337965	6.8
1.0	898.125	0.14806	0.24883	0.85001	0.03607957860391398	98.745
2.0	899.445	0.06101	0.09269	0.94036	-0.04064861570169811	94.515
3.0	904.49	0.05823	0.0876	0.94966	-3.8280495684465015	6.365
1.0	998.12	0.14313	0.23583	0.86701	0.03121627688246816	98.675
2.0	999.5	0.06558	0.09903	0.94602	-0.03729082539961024	95.01
3.0	1003.805	0.06378	0.09585	0.95054	-4.366643425580263	5.6850000000000005
1.0	1011.755	0.15666	0.29827	0.70554	0.2195463124454936	12.255
2.0	1012.94	0.08441	0.13115	0.87091	-3.295338543894337	9.135
3.0	1018.98	0.08142	0.12732	0.87922	-4.147473851564494	7.2250000000000005
1.0	1027.22	0.14551	0.34847	0.56744	1.1638185406140458	14.280000000000001
2.0	1028.24	0.09145	0.15798	0.79121	-3.329011626942997	9.26
3.0	1033.345	0.08579	0.14527	0.79841	-4.551872465786256	6.125
1.0	1041.375	0.1329	0.3922	0.45289	0.7795456739333251	13.135
2.0	1042.63	0.08763	0.16577	0.71095	-3.1035860634048937	9.285
3.0	1047.945	0.08149	0.15135	0.72556	-4.373225019965345	6.57
1.0	1057.635	0.11949	0.42542	0.38402	0.5615783084220372	15.005
2.0	1059.145	0.07967	0.16673	0.65503	-2.6745238358991767	11.200000000000001
3.0	1065.1	0.07481	0.15246	0.67632	-4.181804572775515	7.465
1.0	1097.095	0.13774	0.41432	0.47476	0.28184781604371134	37.95
2.0	1098.455	0.07349	0.15133	0.69344	-0.7849882688248725	33.355000000000004
3.0	1102.755	0.06945	0.14023	0.70712	-4.284930239554125	5.66
1.0	1108.43	0.1268	0.45235	0.35541	-0.7203885318523569	9.975
2.0	1110.31	0.07574	0.1551	0.63451	-3.754326805225259	7.555
1.0	1198.21	0.16925	0.35987	0.67185	0.022411209641917566	87.9
2.0	1199.345	0.0666	0.11753	0.80956	0.13276272380343257	96.59
3.0	1203.305	0.06216	0.10367	0.85657	-4.898868453680422	5.095
1.0	1212.685	0.15172	0.40128	0.50686	1.3856294734081729	13.34
2.0	1213.595	0.06883	0.12338	0.75234	-2.900656926864958	10.290000000000001
1.0	1298.225	0.1653	0.33547	0.7039	0.08056357408355681	84.63
2.0	1299.375	0.06074	0.10142	0.8556	0.14896645895512556	96.07000000000001
3.0	1304.13	0.05434	0.08481	0.91527	-4.196430360479976	5.905
1.0	1398.13	0.1594	0.28322	0.80401	0.04304724384332805	98.755
2.0	1399.34	0.05844	0.09125	0.91493	-0.03592940539702348	95.21000000000001
3.0	1404.965	0.0534	0.08109	0.94077	-3.4968301901150403	6.835
1.0	1498.125	0.15044	0.25461	0.84412	0.03878551073144478	98.785
2.0	1499.42	0.06026	0.09177	0.93804	-0.04109097783214371	94.455
3.0	1504.62	0.05684	0.08548	0.94997	-3.7330214631939187	6.495
1.0	1598.125	0.14447	0.23899	0.86359	0.03280975590007193	98.705
2.0	1599.49	0.06459	0.09759	0.94557	-0.03833084549631509	94.87
3.0	1603.935	0.06228	0.09352	0.95139	-4.262481660288147	5.8100000000000005
1.0	1612.4	0.15603	0.30027	0.7028	0.42840096388816734	12.91
2.0	1613.535	0.08254	0.12878	0.87252	-3.1951446505858656	9.6
3.0	1619.765	0.07922	0.12399	0.88256	-4.142329383414502	7.365
1.0	1629.365	0.14445	0.34827	0.57106	1.375076719160582	15.83
2.0	1630.33	0.08903	0.15441	0.79723	-3.033702002505825	10.565
3.0	1635.395	0.08363	0.14209	0.80596	-4.6287805831652715	6.03
1.0	1644.695	0.13279	0.39032	0.4614	1.020048965092363	14.365
2.0	1645.875	0.0854	0.16133	0.72104	-2.7838789814079314	10.48
3.0	1651.1	0.07965	0.14753	0.73628	-4.488171031987525	6.405
1.0	1697.575	0.14918	0.36967	0.57647	0.2633884063903542	51.7
2.0	1698.82	0.07484	0.13935	0.7672	-0.32952738598088294	47.72
3.0	1702.495	0.07026	0.12913	0.77729	-4.987792842220808	4.92
1.0	1709.015	0.14043	0.41421	0.43217	-0.2707399565896807	10.195
2.0	1710.52	0.07769	0.1443	0.6978	-3.4648048378730123	8.025
3.0	1718.725	0.06969	0.13187	0.72532	-3.167476127674343	9.71
1.0	1798.065	0.16448	0.33884	0.69346	0.042850616090101955	87.545
2.0	1799.23	0.06479	0.11096	0.83407	-0.08916779300195511	80.505
3.0	1803.72	0.06159	0.10453	0.84171	-4.387230320403651	5.655
1.0	1812.505	0.15185	0.38371	0.53129	1.2128213919360105	13.275
2.0	1813.46	0.06783	0.11798	0.7758	-3.161537709923022	9.74
1.0	1898.225	0.16255	0.32496	0.7146	0.07862227935924113	84.765
2.0	1899.4	0.05941	0.09796	0.86632	0.14150866574829274	95.68
3.0	1904.42	0.05445	0.08548	0.91003	-3.9709851048256657	6.195
1.0	1998.125	0.15721	0.27748	0.80939	0.04119384186364597	98.72500000000001
2.0	1999.355	0.05737	0.08913	0.91956	-0.037822506670729755	94.935
3.0	2005.295	0.05363	0.08161	0.93883	-3.2771292577352935	7.17
1.0	2098.125	0.14914	0.25147	0.84726	0.037319214679775954	98.77
2.0	2099.435	0.05951	0.09041	0.94031	-0.0430103915243169	94.14
3.0	2104.805	0.05709	0.08593	0.94906	-3.601944529521857	6.68
1.0	2198.125	0.14374	0.23727	0.86543	0.03191692073608491	98.69
2.0	2199.495	0.06406	0.09665	0.9468	-0.039483175054954446	94.69
3.0	2204.02	0.06251	0.09391	0.95087	-4.1928048604022115	5.8950000000000005
1.0	2212.32	0.15592	0.29892	0.70506	0.38591596289407426	12.825000000000001
2.0	2213.47	0.08213	0.12782	0.87416	-3.255428899877958	9.450000000000001
3.0	2219.88	0.07943	0.12443	0.88187	-4.07209363801865	7.5600000000000005
1.0	2228.97	0.14469	0.34754	0.57186	1.3282143924120378	15.5
2.0	2229.945	0.08888	0.15357	0.7985	-3.1854249526975265	10.065
3.0	2235.195	0.08398	0.14255	0.8045	-4.548640353803999	6.2250000000000005
1.0	2243.98	0.13295	0.39018	0.46048	0.9661469612190001	14.035
2.0	2245.175	0.08546	0.16082	0.72166	-2.95503763797839	9.98
3.0	2250.6	0.07999	0.14816	0.7341	-4.395716639550871	6.62
1.0	2297.585	0.14946	0.3686	0.57924	0.25295972028318325	52.410000000000004
2.0	2298.83	0.0746	0.13852	0.76937	-0.33099652722802514	48.230000000000004
3.0	2302.525	0.07037	0.12936	0.77709	-4.987814845275467	4.94
1.0	2308.97	0.14089	0.41339	0.43398	-0.28991609777843547	10.14
2.0	2310.475	0.07757	0.14352	0.69986	-3.5000397454621983	7.95
3.0	2318.86	0.06972	0.13204	0.72531	-3.10753627570449	9.89
1.0	2398.06	0.16439	0.33831	0.69417	0.04317449653765246	87.58500000000001
2.0	2399.23	0.06456	0.11044	0.8351	-0.0907139899440633	80.37
3.0	2403.755	0.06168	0.10471	0.84149	-4.352496549966576	5.695
1.0	2412.445	0.15194	0.38335	0.53176	1.1929300073196718	13.215
2.0	2413.405	0.06775	0.11763	0.77685	-3.1941896304763673	9.65
1.0	2498.225	0.1625	0.32468	0.71497	0.0783313468633884	84.82000000000001
2.0	2499.4	0.05931	0.09773	0.8669	0.1404806555960474	95.645
3.0	2504.445	0.05454	0.08563	0.9099	-3.952148072078515	6.22
1.0	2598.125	0.15716	0.27733	0.80955	0.0411643140793578	98.72500000000001
2.0	2599.355	0.0573	0.08898	0.91983	-0.037989453764751074	94.91
3.0	2605.32	0.05371	0.08174	0.93873	-3.2613877905529325	7.195
1.0	2698.125	0.14911	0.25139	0.84735	0.0372905088382036	98.77
2.0	2699.435	0.05945	0.09031	0.94044	-0.04315862224437776	94.115
3.0	2704.82	0.05716	0.08605	0.94898	-3.5915259331261193	6.695
1.0	2798.12	0.14372	0.23723	0.86547	0.03190729255495372	98.685
2.0	2799.49	0.06402	0.09659	0.94687	-0.0395885465800171	94.67
3.0	2804.02	0.06257	0.09402	0.9508	-4.188152107311421	5.9
1.0	2812.28	0.15597	0.29892	0.70502	0.3772574922538222	12.790000000000001
2.0	2813.43	0.08212	0.12777	0.87423	-3.2678491912110963	9.41
3.0	2819.86	0.07951	0.12456	0.88171	-4.063058135984431	7.58
1.0	2828.855	0.14473	0.34763	0.57151	1.3218849625372227	15.425
2.0	2829.835	0.0889	0.15354	0.79846	-3.2108865449507724	9.975
3.0	2835.115	0.08405	0.14264	0.80415	-4.533592725132631	6.26
1.0	2843.815	0.13293	0.39033	0.45997	0.9538369645898155	13.98
2.0	2845.015	0.08549	0.16083	0.72151	-2.982510444097709	9.9
3.0	2850.47	0.08004	0.14829	0.73365	-4.380080770464406	6.655
1.0	2897.585	0.14953	0.36848	0.57971	0.25015275249411023	52.57
2.0	2898.83	0.07458	0.13843	0.76966	-0.33021676329859506	48.36
3.0	2902.53	0.07038	0.12938	0.7771	-4.987814870049456	4.945
1.0	2908.955	0.141	0.41331	0.43422	-0.29528465948063165	10.125
2.0	2910.46	0.07757	0.14344	0.7001	-3.5089470642713474	7.930000000000001
3.0	2918.875	0.06973	0.13206	0.72533	-3.0963987189138154	9.92
1.0	2998.06	0.16439	0.33825	0.69428	0.04322998465820276	87.60000000000001
2.0	2999.23	0.06454	0.11038	0.83523	-0.09092805581274986	80.355
3.0	3003.76	0.06169	0.10474	0.84148	-4.348230354892873	5.7
1.0	3012.44	0.15195	0.38331	0.53184	1.19177458499765	13.21
2.0	3013.4	0.06775	0.1176	0.77698	-3.197964914958436	9.64
1.0	3098.225	0.16249	0.32465	0.71502	0.07832773368606501	84.825
2.0	3099.4	0.0593	0.09771	0.86696	0.14038410064227713	95.64
3.0	3104.445	0.05456	0.08566	0.90988	-3.952148072073026	6.22
1.0	3198.125	0.15715	0.27731	0.80957	0.04116127940289663	98.72500000000001
2.0	3199.355	0.05729	0.08897	0.91986	-0.03799177011825066	94.91
3.0	3205.325	0.05372	0.08176	0.93872	-3.2582488438817867	7.2
1.0	3298.125	0.14911	0.25138	0.84736	0.037287287355944665	98.77
2.0	3299.435	0.05945	0.0903	0.94046	-0.043185832292508795	94.11
3.0	3304.82	0.05717	0.08607	0.94896	-3.591525933117562	6.695
1.0	3398.12	0.14372	0.23723	0.86548	0.031905288256497924	98.685
2.0	3399.49	0.06402	0.09658	0.94688	-0.03958971517144858	94.67
3.0	3404.02	0.06258	0.09403	0.95079	-4.188152107310692	5.9
1.0	3412.275	0.15598	0.29892	0.70501	0.3760250536478545	12.785
2.0	3413.425	0.08212	0.12776	0.87423	-3.2692900965475586	9.405
3.0	3419.86	0.07952	0.12458	0.88169	-4.061154673302378	7.585
1.0	3428.845	0.14473	0.34764	0.57149	1.3215631045960037	15.42
2.0	3429.825	0.0889	0.15354	0.79845	-3.214088671902911	9.965
3.0	3435.105	0.08406	0.14266	0.80411	-4.533254084169757	6.26
1.0	3443.795	0.13293	0.39035	0.4599	0.9521998392943377	13.97
2.0	3444.995	0.0855	0.16083	0.72148	-2.9852658296995065	9.89
3.0	3450.45	0.08006	0.14831	0.73357	-4.379605150942732	6.655
1.0	3497.585	0.14954	0.36847	0.57976	0.24991233167673493	52.59
2.0	3498.83	0.07458	0.13842	0.76969	-0.3298625355784168	48.38
3.0	3502.525	0.07039	0.12939	0.77709	-4.987814873769624	4.94
1.0	3508.97	0.14097	0.41327	0.43434	-0.2879549614768364	10.14
2.0	3510.475	0.07755	0.14343	0.70018	-3.5002806709579013	7.95
3.0	3518.87	0.06973	0.13207	0.72531	-3.1047065075360476	9.9
1.0	3598.06	0.16438	0.33825	0.69427	0.04324439068414231	87.58500000000001
2.0	3599.23	0.06453	0.11038	0.83523	-0.09081418338237768	80.36
3.0	3603.76	0.0617	0.10474	0.84148	-4.348230354955923	5.7
1.0	3612.435	0.15195	0.38331	0.53181	1.1905878278860234	13.205
2.0	3613.395	0.06775	0.1176	0.77698	-3.1993561575500666	9.635
1.0	3698.225	0.16249	0.32465	0.71502	0.07831208567015785	84.83
2.0	3699.4	0.0593	0.09771	0.86697	0.14034077447902502	95.64
3.0	3704.445	0.05456	0.08566	0.90988	-3.9521480720728452	6.22
1.0	3798.125	0.15715	0.27731	0.80958	0.04116130656757895	98.72500000000001
2.0	3799.355	0.05729	0.08897	0.91986	-0.037991758972165654	94.91
3.0	3805.32	0.05373	0.08176	0.93871	-3.261387790550848	7.195
1.0	3898.125	0.14911	0.25138	0.84736	0.037287093557622705	98.77
2.0	3899.435	0.05945	0.0903	0.94046	-0.04316014260393723	94.115
3.0	3904.82	0.05717	0.08607	0.94896	-3.5915259331243568	6.695
1.0	3998.12	0.14372	0.23723	0.86548	0.031905146644914034	98.685
2.0	3999.49	0.06402	0.09658	0.94688	-0.03958963867050388	94.67
3.0	4004.02	0.06258	0.09403	0.95079	-4.188152107310603	5.9
1.0	4012.275	0.15598	0.29892	0.70501	0.37602080108997266	12.785
2.0	4013.425	0.08212	0.12776	0.87423	-3.2692863945142303	9.405
3.0	4019.86	0.07952	0.12458	0.88168	-4.0611492418825055	7.585
1.0	4028.84	0.14474	0.34765	0.57146	1.3210417362351607	15.415000000000001
2.0	4029.82	0.0889	0.15354	0.79844	-3.2153523447766963	9.96
3.0	4035.1	0.08407	0.14266	0.80409	-4.533090620694292	6.26
1.0	4043.79	0.13293	0.39035	0.45988	0.9522845397015555	13.97
2.0	4044.99	0.0855	0.16083	0.72147	-2.985227209566566	9.89
3.0	4050.445	0.08006	0.14831	0.73356	-4.379590451608431	6.655
1.0	4097.585	0.14954	0.36846	0.57978	0.2498381752331257	52.595
2.0	4098.83	0.07458	0.13842	0.7697	-0.32977853994781	48.385
3.0	4102.525	0.07039	0.12939	0.77709	-4.987814874715608	4.94
1.0	4108.97	0.14098	0.41327	0.43435	-0.28789787129578237	10.14
2.0	4110.475	0.07755	0.14343	0.70018	-3.500279448735064	7.95
3.0	4118.87	0.06973	0.13207	0.72531	-3.104698777921133	9.9
1.0	4198.06	0.16438	0.33824	0.69428	0.04324635944130565	87.58500000000001
2.0	4199.23	0.06453	0.11038	0.83524	-0.09081413812182193	80.36
3.0	4203.76	0.0617	0.10474	0.84148	-4.348230354955158	5.7
1.0	4212.435	0.15195	0.38331	0.53181	1.190584865135609	13.205
2.0	4213.395	0.06775	0.1176	0.77698	-3.199357530528486	9.635
1.0	4298.225	0.16249	0.32465	0.71502	0.07831230150290092	84.83
2.0	4299.4	0.0593	0.09771	0.86697	0.14034051567461592	95.64
3.0	4304.445	0.05456	0.08566	0.90988	-3.9521480720727986	6.22
1.0	4398.125	0.15715	0.27731	0.80958	0.041161213479218924	98.72500000000001
2.0	4399.355	0.05729	0.08897	0.91986	-0.03799179396080595	94.91
3.0	4405.32	0.05373	0.08176	0.93871	-3.261387790550788	7.195
1.0	4498.125	0.1491	0.25138	0.84736	0.037287009767963085	98.77
2.0	4499.435	0.05945	0.0903	0.94046	-0.043160168345768815	94.115
3.0	4504.82	0.05717	0.08607	0.94896	-3.5915259331243123	6.695
1.0	4598.12	0.14372	0.23723	0.86548	0.031905095933315974	98.685
2.0	4599.49	0.06402	0.09658	0.94688	-0.039589660398568496	94.67
3.0	4604.02	0.06258	0.09403	0.95079	-4.1881521073105885	5.9
1.0	4612.275	0.15598	0.29892	0.70501	0.3760193648389236	12.785
2.0	4613.425	0.08212	0.12776	0.87423	-3.2692870889248815	9.405
3.0	4619.86	0.07952	0.12458	0.88168	-4.061148469952369	7.585
1.0	4628.84	0.14474	0.34765	0.57147	1.3210412772677427	15.415000000000001
2.0	4629.82	0.0889	0.15354	0.79844	-3.2153528312619657	9.96
3.0	4635.1	0.08407	0.14266	0.80409	-4.533090234729497	6.26
1.0	4643.79	0.13293	0.39035	0.45989	0.9522847391435435	13.97
2.0	4644.99	0.0855	0.16083	0.72147	-2.9852277133745666	9.89
3.0	4650.445	0.08006	0.14831	0.73356	-4.379590012448761	6.655
1.0	4697.585	0.14954	0.36846	0.57978	0.24983825971926502	52.595
2.0	4698.83	0.07458	0.13842	0.7697	-0.3297786456273715	48.385
3.0	4702.525	0.07039	0.12939	0.77709	-4.9878148747140205	4.94
1.0	4708.965	0.14099	0.41328	0.43432	-0.29027142969697345	10.135
2.0	4710.47	0.07756	0.14343	0.70017	-3.502244776420469	7.945
3.0	4718.865	0.06973	0.13208	0.7253	-3.1038892169945234	9.9
1.0	4798.06	0.16439	0.33824	0.69428	0.04324391797447731	87.59
2.0	4799.23	0.06453	0.11038	0.83524	-0.09078916109898919	80.365
3.0	4803.76	0.0617	0.10474	0.84148	-4.348230355018606	5.7
1.0	4812.435	0.15196	0.38331	0.53182	1.190611456069222	13.205
2.0	4813.395	0.06775	0.1176	0.77698	-3.199354098129704	9.635
1.0	4898.225	0.16249	0.32465	0.71502	0.07831334209201884	84.83
2.0	4899.4	0.0593	0.09771	0.86697	0.14034176866506912	95.64
3.0	4904.445	0.05456	0.08566	0.90988	-3.9521480720727737	6.22
1.0	4998.125	0.15715	0.27731	0.80958	0.041161211904960214	98.72500000000001
2.0	4999.355	0.05729	0.08897	0.91986	-0.03799170917884985	94.91
3.0	5005.32	0.05373	0.08176	0.93871	-3.261387790550751	7.195
1.0	5098.125	0.1491	0.25138	0.84736	0.03728695143951087	98.77
2.0	5099.435	0.05945	0.0903	0.94046	-0.04316011754292864	94.115
3.0	5104.82	0.05717	0.08607	0.94896	-3.5915259331242937	6.695
1.0	5198.12	0.14372	0.23723	0.86548	0.031905054289700814	98.685
2.0	5199.49	0.06402	0.09658	0.94688	-0.03958961873256634	94.67
3.0	5204.02	0.06258	0.09403	0.95079	-4.188152107310575	5.9
1.0	5212.275	0.15598	0.29892	0.70501	0.37601812234639637	12.785
2.0	5213.425	0.08213	0.12776	0.87423	-3.2692857343144683	9.405
3.0	5219.86	0.07952	0.12458	0.88168	-4.061147982136448	7.585
1.0	5228.84	0.14474	0.34765	0.57147	1.321040913312437	15.415000000000001
2.0	5229.82	0.0889	0.15354	0.79844	-3.2153518329934374	9.96
3.0	5235.1	0.08407	0.14267	0.80409	-4.533089984824182	6.26
1.0	5243.79	0.13293	0.39035	0.45989	0.9522849547186364	13.97
2.0	5244.99	0.0855	0.16083	0.72147	-2.9852266364979134	9.89
3.0	5250.445	0.08006	0.14831	0.73356	-4.379589724323367	6.655
1.0	5297.585	0.14954	0.36846	0.57978	0.2498383402691108	52.595
2.0	5298.83	0.07458	0.13842	0.7697	-0.3297784162758293	48.385
3.0	5302.525	0.07039	0.12939	0.77709	-4.987814874712974	4.94
1.0	5308.965	0.14099	0.41328	0.43432	-0.2902714772443943	10.135
2.0	5310.47	0.07756	0.14343	0.70017	-3.5022439403216823	7.945
3.0	5318.865	0.06973	0.13208	0.7253	-3.10388854858685	9.9
1.0	5398.06	0.16439	0.33824	0.69428	0.04324392275083776	87.59
2.0	5399.23	0.06453	0.11038	0.83524	-0.09078914003495042	80.365
3.0	5403.76	0.0617	0.10474	0.84148	-4.348230355018522	5.7
1.0	5412.435	0.15196	0.38331	0.53182	1.1906112925220265	13.205
2.0	5413.395	0.06775	0.1176	0.77698	-3.1993533375690753	9.635
1.0	5498.225	0.16249	0.32465	0.71502	0.07831334161476339	84.83
2.0	5499.4	0.0593	0.09771	0.86697	0.1403419311763913	95.64
3.0	5504.445	0.05456	0.08566	0.90988	-3.9521480720727693	6.22
1.0	5598.125	0.15715	0.27731	0.80958	0.041161210249735423	98.72500000000001
2.0	5599.355	0.05729	0.08897	0.91986	-0.03799169485400872	94.91
3.0	5605.32	0.05373	0.08176	0.93871	-3.2613877905507387	7.195
1.0	5698.125	0.1491	0.25138	0.84736	0.03728695018644787	98.77
2.0	5699.435	0.05945	0.0903	0.94046	-0.04316010778107347	94.115
3.0	5704.82	0.05717	0.08607	0.94896	-3.5915259331242884	6.695
1.0	5798.12	0.14372	0.23723	0.86548	0.03190505355770402	98.685
2.0	5799.49	0.06402	0.09658	0.94688	-0.03958961046605928	94.67
3.0	5804.02	0.06258	0.09403	0.95079	-4.188152107310572	5.9
1.0	5812.275	0.15598	0.29892	0.70501	0.3760181018772372	12.785
2.0	5813.425	0.08213	0.12776	0.87423	-3.2692854647311873	9.405
3.0	5819.86	0.07952	0.12458	0.88168	-4.061147886709957	7.585
1.0	5828.84	0.14474	0.34765	0.57147	1.3210409066336157	15.415000000000001
2.0	5829.82	0.0889	0.15354	0.79844	-3.2153516380597	9.96
3.0	5835.1	0.08407	0.14267	0.80409	-4.533089937632075	6.26
1.0	5843.79	0.13293	0.39035	0.45989	0.9522849573819775	13.97
2.0	5844.99	0.0855	0.16083	0.72147	-2.9852264292519037	9.89
3.0	5850.445	0.08006	0.14831	0.73356	-4.379589670981546	6.655
1.0	5897.585	0.14954	0.36846	0.57978	0.24983834144214503	52.595
2.0	5898.83	0.07458	0.13842	0.7697	-0.32977837231274043	48.385
3.0	5902.525	0.07039	0.12939	0.77709	-4.987814874712782	4.94
1.0	5908.965	0.14099	0.41328	0.43432	-0.29027147810535975	10.135
2.0	5910.47	0.07756	0.14343	0.70017	-3.5022437767662753	7.945
3.0	5918.865	0.06973	0.13208	0.7253	-3.1038884235470654	9.9
1.0	5998.06	0.16439	0.33824	0.69428	0.043243922822274274	87.59
2.0	5999.23	0.06453	0.11038	0.83524	-0.09078913592006621	80.365
3.0	6003.76	0.0617	0.10474	0.84148	-4.348230355018514	5.7
1.0	6012.435	0.15196	0.38331	0.53182	1.1906112899500936	13.205
2.0	6013.395	0.06775	0.1176	0.77698	-3.1993531872101473	9.635
1.0	6098.225	0.16249	0.32465	0.71502	0.07831334160682088	84.83
2.0	6099.4	0.0593	0.09771	0.86697	0.14034196329221882	95.64
3.0	6104.445	0.05456	0.08566	0.90988	-3.9521480720727684	6.22
1.0	6198.125	0.15715	0.27731	0.80958	0.04116121022382686	98.72500000000001
2.0	6199.355	0.05729	0.08897	0.91986	-0.037991692015783535	94.91
3.0	6205.32	0.05373	0.08176	0.93871	-3.2613877905507374	7.195
1.0	6298.125	0.1491	0.25138	0.84736	0.03728695016686047	98.77
2.0	6299.435	0.05945	0.0903	0.94046	-0.043160105845587216	94.115
3.0	6304.82	0.05717	0.08607	0.94896	-3.591525933124288	6.695
1.0	6398.12	0.14372	0.23723	0.86548	0.03190505354626481	98.685
2.0	6399.49	0.06402	0.09658	0.94688	-0.03958960882686903	94.67
3.0	6404.02	0.06258	0.09403	0.95079	-4.188152107310571	5.9
1.0	6412.275	0.15598	0.29892	0.70501	0.37601810155739795	12.785
2.0	6413.425	0.08213	0.12776	0.87423	-3.2692854112764365	9.405
3.0	6419.86	0.07952	0.12458	0.88168	-4.061147868638879	7.585
1.0	6428.84	0.14474	0.34765	0.57147	1.3210409065292201	15.415000000000001
2.0	6429.82	0.0889	0.15354	0.79844	-3.2153515994123114	9.96
3.0	6435.1	0.08407	0.14267	0.80409	-4.533089928699847	6.26
1.0	6443.79	0.13293	0.39035	0.45989	0.9522849574235378	13.97
2.0	6444.99	0.0855	0.16083	0.72147	-2.985226388168008	9.89
3.0	6450.445	0.08006	0.14831	0.73356	-4.379589660888543	6.655
1.0	6497.585	0.14954	0.36846	0.57978	0.24983834146046718	52.595
2.0	6498.83	0.07458	0.13842	0.7697	-0.32977836359800744	48.385
3.0	6502.525	0.07039	0.12939	0.77709	-4.987814874712746	4.94
1.0	6508.965	0.14099	0.41328	0.43432	-0.29027147811881865	10.135
2.0	6510.47	0.07756	0.14343	0.70017	-3.5022437443411034	7.945
3.0	6518.865	0.06973	0.13208	0.7253	-3.1038883998858515	9.9
1.0	6598.06	0.16439	0.33824	0.69428	0.043243922823389846	87.59
2.0	6599.23	0.06453	0.11038	0.83524	-0.09078913510429562	80.365
3.0	6603.76	0.0617	0.10474	0.84148	-4.348230355018512	5.7
1.0	6612.435	0.15196	0.38331	0.53182	1.1906112899098813	13.205
2.0	6613.395	0.06775	0.1176	0.77698	-3.1993531573994334	9.635
1.0	6698.225	0.16249	0.32465	0.71502	0.07831334160669548	84.83
2.0	6699.4	0.0593	0.09771	0.86697	0.14034196965958454	95.64
3.0	6704.445	0.05456	0.08566	0.90988	-3.9521480720727684	6.22
1.0	6798.125	0.15715	0.27731	0.80958	0.04116121022342263	98.72500000000001
2.0	6799.355	0.05729	0.08897	0.91986	-0.03799169145306055	94.91
3.0	6805.32	0.05373	0.08176	0.93871	-3.2613877905507365	7.195
1.0	6898.125	0.1491	0.25138	0.84736	0.03728695016655415	98.77
2.0	6899.435	0.05945	0.0903	0.94046	-0.043160105461845594	94.115
3.0	6904.82	0.05717	0.08607	0.94896	-3.591525933124288	6.695
1.0	6998.12	0.14372	0.23723	0.86548	0.031905053546086595	98.685
2.0	6999.49	0.06402	0.09658	0.94688	-0.03958960850187269	94.67
3.0	7004.02	0.06258	0.09403	0.95079	-4.188152107310571	5.9
1.0	7012.275	0.15598	0.29892	0.70501	0.37601810155238746	12.785
2.0	7013.425	0.08213	0.12776	0.87423	-3.2692854006782155	9.405
3.0	7019.86	0.07952	0.12458	0.88168	-4.061147865218825	7.585
1.0	7028.84	0.14474	0.34765	0.57147	1.32104090652758	15.415000000000001
2.0	7029.82	0.0889	0.15354	0.79844	-3.215351591749878	9.96
3.0	7035.1	0.08407	0.14267	0.80409	-4.533089927009394	6.26
1.0	7043.79	0.13293	0.39035	0.45989	0.9522849574241806	13.97
2.0	7044.99	0.0855	0.16083	0.72147	-2.9852263800225156	9.89
3.0	7050.445	0.08006	0.14831	0.73356	-4.379589658978409	6.655
1.0	7097.585	0.14954	0.36846	0.57978	0.24983834146075345	52.595
2.0	7098.83	0.07458	0.13842	0.7697	-0.32977836187018517	48.385
3.0	7102.525	0.07039	0.12939	0.77709	-4.987814874712739	4.94
1.0	7108.965	0.14099	0.41328	0.43432	-0.29027147811900256	10.135
2.0	7110.47	0.07756	0.14343	0.70017	-3.502243737912321	7.945
3.0	7118.865	0.06973	0.13208	0.7253	-3.1038883954078837	9.9
1.0	7198.06	0.16439	0.33824	0.69428	0.04324392282340843	87.59
2.0	7199.23	0.06453	0.11038	0.83524	-0.09078913494255862	80.365
3.0	7203.76	0.0617	0.10474	0.84148	-4.3482303550185115	5.7
1.0	7212.435	0.15196	0.38331	0.53182	1.1906112899092731	13.205
2.0	7213.395	0.06775	0.1176	0.77698	-3.1993531514890146	9.635
1.0	7298.225	0.16249	0.32465	0.71502	0.07831334160669413	84.83
2.0	7299.4	0.0593	0.09771	0.86697	0.1403419709220069	95.64
3.0	7304.445	0.05456	0.08566	0.90988	-3.9521480720727675	6.22
1.0	7398.125	0.15715	0.27731	0.80958	0.04116121022341798	98.72500000000001
2.0	7399.355	0.05729	0.08897	0.91986	-0.037991691341492634	94.91
3.0	7405.32	0.05373	0.08176	0.93871	-3.2613877905507365	7.195
1.0	7498.125	0.1491	0.25138	0.84736	0.03728695016655002	98.77
2.0	7499.435	0.05945	0.0903	0.94046	-0.043160105385763314	94.115
3.0	7504.82	0.05717	0.08607	0.94896	-3.591525933124288	6.695
1.0	7598.12	0.14372	0.23723	0.86548	0.031905053546083764	98.685
2.0	7599.49	0.06402	0.09658	0.94688	-0.0395896084374381	94.67
3.0	7604.02	0.06258	0.09403	0.95079	-4.188152107310571	5.9
1.0	7612.275	0.15598	0.29892	0.70501	0.3760181015523137	12.785
2.0	7613.425	0.08213	0.12776	0.87423	-3.269285398576947	9.405
3.0	7619.86	0.07952	0.12458	0.88168	-4.06114786457157	7.585
1.0	7628.84	0.14474	0.34765	0.57147	1.3210409065275657	15.415000000000001
2.0	7629.82	0.0889	0.15354	0.79844	-3.2153515902307057	9.96
3.0	7635.1	0.08407	0.14267	0.80409	-4.5330899266894695	6.26
1.0	7643.79	0.13293	0.39035	0.45989	0.9522849574241914	13.97
2.0	7644.99	0.0855	0.16083	0.72147	-2.985226378407549	9.89
3.0	7650.445	0.08006	0.14831	0.73356	-4.379589658616911	6.655
1.0	7697.585	0.14954	0.36846	0.57978	0.24983834146075745	52.595
2.0	7698.83	0.07458	0.13842	0.7697	-0.32977836152761836	48.385
3.0	7702.525	0.07039	0.12939	0.77709	-4.987814874712738	4.94
1.0	7708.965	0.14099	0.41328	0.43432	-0.29027147811900256	10.135
2.0	7710.47	0.07756	0.14343	0.70017	-3.5022437366377224	7.945
3.0	7718.865	0.06973	0.13208	0.7253	-3.1038883945604248	9.9
1.0	7798.06	0.16439	0.33824	0.69428	0.043243922823408665	87.59
2.0	7799.23	0.06453	0.11038	0.83524	-0.0907891349104899	80.365
3.0	7803.76	0.0617	0.10474	0.84148	-4.3482303550185115	5.7
1.0	7812.435	0.15196	0.38331	0.53182	1.190611289909265	13.205
2.0	7813.395	0.06775	0.1176	0.77698	-3.1993531503171844	9.635
1.0	7898.225	0.16249	0.32465	0.71502	0.07831334160669409	84.83
2.0	7899.4	0.0593	0.09771	0.86697	0.14034197117230354	95.64
3.0	7904.445	0.05456	0.08566	0.90988	-3.9521480720727675	6.22
1.0	7998.125	0.15715	0.27731	0.80958	0.041161210223417975	98.72500000000001
2.0	7999.355	0.05729	0.08897	0.91986	-0.0379916913193723	94.91
3.0	8005.32	0.05373	0.08176	0.93871	-3.2613877905507365	7.195
1.0	8098.125	0.1491	0.25138	0.84736	0.03728695016654988	98.77
2.0	8099.435	0.05945	0.0903	0.94046	-0.043160105370679054	94.115
3.0	8104.82	0.05717	0.08607	0.94896	-3.591525933124288	6.695
1.0	8198.12	0.14372	0.23723	0.86548	0.031905053546083736	98.685
2.0	8199.49	0.06402	0.09658	0.94688	-0.039589608424662644	94.67
3.0	8204.02	0.06258	0.09403	0.95079	-4.188152107310571	5.9
1.0	8212.275	0.15598	0.29892	0.70501	0.3760181015523137	12.785
2.0	8213.425	0.08213	0.12776	0.87423	-3.2692853981603465	9.405
3.0	8219.86	0.07952	0.12458	0.88168	-4.061147864449067	7.585
1.0	8228.84	0.14474	0.34765	0.57147	1.3210409065275657	15.415000000000001
2.0	8229.82	0.0889	0.15354	0.79844	-3.2153515899294955	9.96
3.0	8235.1	0.08407	0.14267	0.80409	-4.53308992662892	6.26
1.0	8243.79	0.13293	0.39035	0.45989	0.9522849574241914	13.97
2.0	8244.99	0.0855	0.16083	0.72147	-2.985226378087342	9.89
3.0	8250.445	0.08006	0.14831	0.73356	-4.379589658548502	6.655
1.0	8297.585	0.14954	0.36846	0.57978	0.24983834146075745	52.595
2.0	8298.83	0.07458	0.13842	0.7697	-0.3297783614596962	48.385
3.0	8302.525	0.07039	0.12939	0.77709	-4.987814874712737	4.94
1.0	8308.965	0.14099	0.41328	0.43432	-0.29027147811900256	10.135
2.0	8310.47	0.07756	0.14343	0.70017	-3.5022437363850036	7.945
3.0	8318.865	0.06973	0.13208	0.7253	-3.1038883944000344	9.9
1.0	8398.06	0.16439	0.33824	0.69428	0.043243922823408665	87.59
2.0	8399.23	0.06453	0.11038	0.83524	-0.0907891349041319	80.365
3.0	8403.76	0.0617	0.10474	0.84148	-4.3482303550185115	5.7
1.0	8412.435	0.15196	0.38331	0.53182	1.190611289909264	13.205
2.0	8413.395	0.06775	0.1176	0.77698	-3.199353150084842	9.635
1.0	8498.225	0.16249	0.32465	0.71502	0.0783133416066941	84.83
2.0	8499.4	0.0593	0.09771	0.86697	0.14034197122192835	95.64
3.0	8504.445	0.05456	0.08566	0.90988	-3.9521480720727675	6.22
1.0	8598.125	0.15715	0.27731	0.80958	0.04116121022341798	98.72500000000001
2.0	8599.355	0.05729	0.08897	0.91986	-0.03799169131498681	94.91
3.0	8605.32	0.05373	0.08176	0.93871	-3.2613877905507365	7.195
1.0	8698.125	0.1491	0.25138	0.84736	0.03728695016654988	98.77
2.0	8699.435	0.05945	0.0903	0.94046	-0.04316010536768765	94.115
3.0	8704.82	0.05717	0.08607	0.94896	-3.591525933124288	6.695
1.0	8798.12	0.14372	0.23723	0.86548	0.031905053546083736	98.685
2.0	8799.49	0.06402	0.09658	0.94688	-0.039589608422129274	94.67
3.0	8804.02	0.06258	0.09403	0.95079	-4.188152107310571	5.9
1.0	8812.275	0.15598	0.29892	0.70501	0.3760181015523137	12.785
2.0	8813.425	0.08213	0.12776	0.87423	-3.2692853980777343	9.405
3.0	8819.86	0.07952	0.12458	0.88168	-4.061147864425883	7.585
1.0	8828.84	0.14474	0.34765	0.57147	1.3210409065275657	15.415000000000001
2.0	8829.82	0.0889	0.15354	0.79844	-3.215351589869762	9.96
3.0	8835.1	0.08407	0.14267	0.80409	-4.533089926617457	6.26
1.0	8843.79	0.13293	0.39035	0.45989	0.9522849574241914	13.97
2.0	8844.99	0.0855	0.16083	0.72147	-2.985226378023844	9.89
3.0	8850.445	0.08006	0.14831	0.73356	-4.379589658535541	6.655
1.0	8897.585	0.14954	0.36846	0.57978	0.24983834146075745	52.595
2.0	8898.83	0.07458	0.13842	0.7697	-0.32977836144623035	48.385
3.0	8902.525	0.07039	0.12939	0.77709	-4.987814874712737	4.94
1.0	8908.965	0.14099	0.41328	0.43432	-0.29027147811900256	10.135
2.0	8910.47	0.07756	0.14343	0.70017	-3.5022437363349	7.945
3.0	8918.865	0.06973	0.13208	0.7253	-3.103888394369668	9.9
1.0	8998.06	0.16439	0.33824	0.69428	0.043243922823408665	87.59
2.0	8999.23	0.06453	0.11038	0.83524	-0.090789134902872	80.365
3.0	9003.76	0.0617	0.10474	0.84148	-4.3482303550185115	5.7
1.0	9012.435	0.15196	0.38331	0.53182	1.190611289909264	13.205
2.0	9013.395	0.06775	0.1176	0.77698	-3.199353150038774	9.635
1.0	9098.225	0.16249	0.32465	0.71502	0.0783133416066941	84.83
2.0	9099.4	0.0593	0.09771	0.86697	0.1403419712317703	95.64
3.0	9104.445	0.05456	0.08566	0.90988	-3.9521480720727675	6.22
1.0	9198.125	0.15715	0.27731	0.80958	0.04116121022341798	98.72500000000001
2.0	9199.355	0.05729	0.08897	0.91986	-0.03799169131411703	94.91
3.0	9205.32	0.05373	0.08176	0.93871	-3.2613877905507365	7.195
1.0	9298.125	0.1491	0.25138	0.84736	0.03728695016654988	98.77
2.0	9299.435	0.05945	0.0903	0.94046	-0.043160105367094685	94.115
3.0	9304.82	0.05717	0.08607	0.94896	-3.591525933124288	6.695
1.0	9398.12	0.14372	0.23723	0.86548	0.031905053546083736	98.685
2.0	9399.49	0.06402	0.09658	0.94688	-0.03958960842162665	94.67
3.0	9404.02	0.06258	0.09403	0.95079	-4.188152107310571	5.9
1.0	9412.275	0.15598	0.29892	0.70501	0.3760181015523137	12.785
2.0	9413.425	0.08213	0.12776	0.87423	-3.269285398061346	9.405
3.0	9419.86	0.07952	0.12458	0.88168	-4.06114786442149	7.585
1.0	9428.84	0.14474	0.34765	0.57147	1.3210409065275657	15.415000000000001
2.0	9429.82	0.0889	0.15354	0.79844	-3.2153515898579075	9.96
3.0	9435.1	0.08407	0.14267	0.80409	-4.533089926615294	6.26
1.0	9443.79	0.13293	0.39035	0.45989	0.9522849574241914	13.97
2.0	9444.99	0.0855	0.16083	0.72147	-2.985226378011252	9.89
3.0	9450.445	0.08006	0.14831	0.73356	-4.3795896585331064	6.655
1.0	9497.585	0.14954	0.36846	0.57978	0.24983834146075745	52.595
2.0	9498.83	0.07458	0.13842	0.7697	-0.3297783614435533	48.385
3.0	9502.525	0.07039	0.12939	0.77709	-4.987814874712737	4.94
1.0	9508.965	0.14099	0.41328	0.43432	-0.29027147811900256	10.135
2.0	9510.47	0.07756	0.14343	0.70017	-3.5022437363249384	7.945
3.0	9518.865	0.06973	0.13208	0.7253	-3.103888394363949	9.9
1.0	9598.06	0.16439	0.33824	0.69428	0.043243922823408665	87.59
2.0	9599.23	0.06453	0.11038	0.83524	-0.09078913490262129	80.365
3.0	9603.76	0.0617	0.10474	0.84148	-4.3482303550185115	5.7
1.0	9612.435	0.15196	0.38331	0.53182	1.190611289909264	13.205
2.0	9613.395	0.06775	0.1176	0.77698	-3.1993531500296433	9.635
1.0	9698.225	0.16249	0.32465	0.71502	0.0783133416066941	84.83
2.0	9699.4	0.0593	0.09771	0.86697	0.1403419712337227	95.64
3.0	9704.445	0.05456	0.08566	0.90988	-3.9521480720727675	6.22
1.0	9798.125	0.15715	0.27731	0.80958	0.04116121022341798	98.72500000000001
2.0	9799.355	0.05729	0.08897	0.91986	-0.03799169131394419	94.91
3.0	9805.32	0.05373	0.08176	0.93871	-3.2613877905507365	7.195
1.0	9898.125	0.1491	0.25138	0.84736	0.03728695016654988	98.77
2.0	9899.435	0.05945	0.0903	0.94046	-0.043160105366977036	94.115
3.0	9904.82	0.05717	0.08607	0.94896	-3.591525933124288	6.695
1.0	9998.12	0.14372	0.23723	0.86548	0.031905053546083736	98.685
2.0	9999.49	0.06402	0.09658	0.94688	-0.039589608421527624	94.67
3.0	10004.02	0.06258	0.09403	0.95079	-4.188152107310571	5.9
1.0	10012.275	0.15598	0.29892	0.70501	0.3760181015523137	12.785
2.0	10013.425	0.08213	0.12776	0.87423	-3.269285398058106	9.405
3.0	10019.86	0.07952	0.12458	0.88168	-4.061147864420675	7.585
1.0	10028.84	0.14474	0.34765	0.57147	1.3210409065275657	15.415000000000001
2.0	10029.82	0.0889	0.15354	0.79844	-3.215351589855585	9.96
3.0	10035.1	0.08407	0.14267	0.80409	-4.533089926614882	6.26
1.0	10043.79	0.13293	0.39035	0.45989	0.9522849574241914	13.97
2.0	10044.99	0.0855	0.16083	0.72147	-2.985226378008766	9.89
3.0	10050.445	0.08006	0.14831	0.73356	-4.379589658532639	6.655
1.0	10097.585	0.14954	0.36846	0.57978	0.24983834146075745	52.595
2.0	10098.83	0.07458	0.13842	0.7697	-0.32977836144303546	48.385
3.0	10102.525	0.07039	0.12939	0.77709	-4.987814874712737	4.94
1.0	10108.965	0.14099	0.41328	0.43432	-0.29027147811900256	10.135
2.0	10110.47	0.07756	0.14343	0.70017	-3.502243736322997	7.945
3.0	10118.865	0.06973	0.13208	0.7253	-3.1038883943628566	9.9
1.0	10198.06	0.16439	0.33824	0.69428	0.043243922823408665	87.59
2.0	10199.23	0.06453	0.11038	0.83524	-0.09078913490257215	80.365
3.0	10203.76	0.0617	0.10474	0.84148	-4.3482303550185115	5.7
1.0	10212.435	0.15196	0.38331	0.53182	1.190611289909264	13.205
2.0	10213.395	0.06775	0.1176	0.77698	-3.1993531500278327	9.635
1.0	10298.225	0.16249	0.32465	0.71502	0.0783133416066941	84.83
2.0	10299.4	0.0593	0.09771	0.86697	0.14034197123410824	95.64
3.0	10304.445	0.05456	0.08566	0.90988	-3.9521480720727675	6.22
1.0	10398.125	0.15715	0.27731	0.80958	0.04116121022341798	98.72500000000001
2.0	10399.355	0.05729	0.08897	0.91986	-0.03799169131391069	94.91
3.0	10405.32	0.05373	0.08176	0.93871	-3.2613877905507365	7.195
1.0	10498.125	0.1491	0.25138	0.84736	0.03728695016654988	98.77
2.0	10499.435	0.05945	0.0903	0.94046	-0.04316010536695405	94.115
3.0	10504.82	0.05717	0.08607	0.94896	-3.591525933124288	6.695
1.0	10598.12	0.14372	0.23723	0.86548	0.031905053546083736	98.685
2.0	10599.49	0.06402	0.09658	0.94688	-0.039589608421507966	94.67
3.0	10604.02	0.06258	0.09403	0.95079	-4.188152107310571	5.9
1.0	10612.275	0.15598	0.29892	0.70501	0.3760181015523137	12.785
2.0	10613.425	0.08213	0.12776	0.87423	-3.2692853980574714	9.405
3.0	10619.86	0.07952	0.12458	0.88168	-4.0611478644205095	7.585
1.0	10628.84	0.14474	0.34765	0.57147	1.3210409065275657	15.415000000000001
2.0	10629.82	0.0889	0.15354	0.79844	-3.215351589855121	9.96
3.0	10635.1	0.08407	0.14267	0.80409	-4.533089926614807	6.26
1.0	10643.79	0.13293	0.39035	0.45989	0.9522849574241914	13.97
2.0	10644.99	0.0855	0.16083	0.72147	-2.9852263780082833	9.89
3.0	10650.445	0.08006	0.14831	0.73356	-4.379589658532554	6.655
1.0	10697.585	0.14954	0.36846	0.57978	0.24983834146075745	52.595
2.0	10698.83	0.07458	0.13842	0.7697	-0.3297783614429269	48.385
3.0	10702.525	0.07039	0.12939	0.77709	-4.987814874712737	4.94
1.0	10708.965	0.14099	0.41328	0.43432	-0.29027147811900256	10.135
2.0	10710.47	0.07756	0.14343	0.70017	-3.502243736322598	7.945
3.0	10718.865	0.06973	0.13208	0.7253	-3.103888394362663	9.9
1.0	10798.06	0.16439	0.33824	0.69428	0.043243922823408665	87.59
2.0	10799.23	0.06453	0.11038	0.83524	-0.0907891349025633	80.365
3.0	10803.76	0.0617	0.10474	0.84148	-4.3482303550185115	5.7
1.0	10812.435	0.15196	0.38331	0.53182	1.190611289909264	13.205
2.0	10813.395	0.06775	0.1176	0.77698	-3.1993531500274814	9.635
1.0	10898.225	0.16249	0.32465	0.71502	0.0783133416066941	84.83
2.0	10899.4	0.0593	0.09771	0.86697	0.1403419712341846	95.64
3.0	10904.445	0.05456	0.08566	0.90988	-3.9521480720727675	6.22
1.0	10998.125	0.15715	0.27731	0.80958	0.04116121022341798	98.72500000000001
2.0	10999.355	0.05729	0.08897	0.91986	-0.03799169131390399	94.91
3.0	11005.32	0.05373	0.08176	0.93871	-3.2613877905507365	7.195
1.0	11098.125	0.1491	0.25138	0.84736	0.03728695016654988	98.77
2.0	11099.435	0.05945	0.0903	0.94046	-0.04316010536694958	94.115
3.0	11104.82	0.05717	0.08607	0.94896	-3.591525933124288	6.695
1.0	11198.12	0.14372	0.23723	0.86548	0.031905053546083736	98.685
2.0	11199.49	0.06402	0.09658	0.94688	-0.03958960842150427	94.67
3.0	11204.02	0.06258	0.09403	0.95079	-4.188152107310571	5.9
1.0	11212.275	0.15598	0.29892	0.70501	0.3760181015523137	12.785
2.0	11213.425	0.08213	0.12776	0.87423	-3.2692853980573435	9.405
3.0	11219.86	0.07952	0.12458	0.88168	-4.061147864420487	7.585
1.0	11228.84	0.14474	0.34765	0.57147	1.3210409065275657	15.415000000000001
2.0	11229.82	0.0889	0.15354	0.79844	-3.2153515898550307	9.96
3.0	11235.1	0.08407	0.14267	0.80409	-4.5330899266147915	6.26
1.0	11243.79	0.13293	0.39035	0.45989	0.9522849574241914	13.97
2.0	11244.99	0.0855	0.16083	0.72147	-2.985226378008186	9.89
3.0	11250.445	0.08006	0.14831	0.73356	-4.379589658532536	6.655
1.0	11297.585	0.14954	0.36846	0.57978	0.24983834146075745	52.595
2.0	11298.83	0.07458	0.13842	0.7697	-0.32977836144290784	48.385
3.0	11302.525	0.07039	0.12939	0.77709	-4.987814874712737	4.94
1.0	11308.965	0.14099	0.41328	0.43432	-0.29027147811900256	10.135
2.0	11310.47	0.07756	0.14343	0.70017	-3.502243736322519	7.945
3.0	11318.865	0.06973	0.13208	0.7253	-3.1038883943626208	9.9
1.0	11398.06	0.16439	0.33824	0.69428	0.043243922823408665	87.59
2.0	11399.23	0.06453	0.11038	0.83524	-0.09078913490256159	80.365
3.0	11403.76	0.0617	0.10474	0.84148	-4.3482303550185115	5.7
1.0	11412.435	0.15196	0.38331	0.53182	1.190611289909264	13.205
2.0	11413.395	0.06775	0.1176	0.77698	-3.1993531500274	9.635
1.0	11498.225	0.16249	0.32465	0.71502	0.0783133416066941	84.83
2.0	11499.4	0.0593	0.09771	0.86697	0.14034197123419911	95.64
3.0	11504.445	0.05456	0.08566	0.90988	-3.9521480720727675	6.22
1.0	11598.125	0.15715	0.27731	0.80958	0.04116121022341798	98.72500000000001
2.0	11599.355	0.05729	0.08897	0.91986	-0.03799169131390258	94.91
3.0	11605.32	0.05373	0.08176	0.93871	-3.2613877905507365	7.195
1.0	11698.125	0.1491	0.25138	0.84736	0.03728695016654988	98.77
2.0	11699.435	0.05945	0.0903	0.94046	-0.04316010536694868	94.115
3.0	11704.82	0.05717	0.08607	0.94896	-3.591525933124288	6.695
1.0	11798.12	0.14372	0.23723	0.86548	0.031905053546083736	98.685
2.0	11799.49	0.06402	0.09658	0.94688	-0.039589608421503476	94.67
3.0	11804.02	0.06258	0.09403	0.95079	-4.188152107310571	5.9
1.0	11812.275	0.15598	0.29892	0.70501	0.3760181015523137	12.785
2.0	11813.425	0.08213	0.12776	0.87423	-3.2692853980573178	9.405
3.0	11819.86	0.07952	0.12458	0.88168	-4.061147864420483	7.585
1.0	11828.84	0.14474	0.34765	0.57147	1.3210409065275657	15.415000000000001
2.0	11829.82	0.0889	0.15354	0.79844	-3.215351589855015	9.96
3.0	11835.1	0.08407	0.14267	0.80409	-4.533089926614789	6.26
1.0	11843.79	0.13293	0.39035	0.45989	0.9522849574241914	13.97
2.0	11844.99	0.0855	0.16083	0.72147	-2.985226378008167	9.89
3.0	11850.445	0.08006	0.14831	0.73356	-4.379589658532535	6.655
1.0	11897.585	0.14954	0.36846	0.57978	0.24983834146075745	52.595
2.0	11898.83	0.07458	0.13842	0.7697	-0.3297783614429034	48.385
3.0	11902.525	0.07039	0.12939	0.77709	-4.987814874712737	4.94
1.0	11908.965	0.14099	0.41328	0.43432	-0.29027147811900256	10.135
2.0	11910.47	0.07756	0.14343	0.70017	-3.502243736322508	7.945
3.0	11918.865	0.06973	0.13208	0.7253	-3.1038883943626163	9.9
1.0	11998.06	0.16439	0.33824	0.69428	0.043243922823408665	87.59
2.0	11999.23	0.06453	0.11038	0.83524	-0.0907891349025608	80.365
3.0	12003.76	0.0617	0.10474	0.84148	-4.3482303550185115	5.7
1.0	12012.435	0.15196	0.38331	0.53182	1.190611289909264	13.205
2.0	12013.395	0.06775	0.1176	0.77698	-3.1993531500273913	9.635
1.0	12098.225	0.16249	0.32465	0.71502	0.0783133416066941	84.83
2.0	12099.4	0.0593	0.09771	0.86697	0.14034197123420133	95.64
3.0	12104.445	0.05456	0.08566	0.90988	-3.9521480720727675	6.22
1.0	12198.125	0.15715	0.27731	0.80958	0.04116121022341798	98.72500000000001
2.0	12199.355	0.05729	0.08897	0.91986	-0.03799169131390225	94.91
3.0	12205.32	0.05373	0.08176	0.93871	-3.2613877905507365	7.195
1.0	12298.125	0.1491	0.25138	0.84736	0.03728695016654988	98.77
2.0	12299.435	0.05945	0.0903	0.94046	-0.043160105366948476	94.115
3.0	12304.82	0.05717	0.08607	0.94896	-3.591525933124288	6.695
1.0	12398.12	0.14372	0.23723	0.86548	0.031905053546083736	98.685
2.0	12399.49	0.06402	0.09658	0.94688	-0.03958960842150321	94.67
3.0	12404.02	0.06258	0.09403	0.95079	-4.188152107310571	5.9
1.0	12412.275	0.15598	0.29892	0.70501	0.3760181015523137	12.785
2.0	12413.425	0.08213	0.12776	0.87423	-3.2692853980573124	9.405
3.0	12419.86	0.07952	0.12458	0.88168	-4.06114786442048	7.585
1.0	12428.84	0.14474	0.34765	0.57147	1.3210409065275657	15.415000000000001
2.0	12429.82	0.0889	0.15354	0.79844	-3.21535158985501	9.96
3.0	12435.1	0.08407	0.14267	0.80409	-4.533089926614788	6.26
1.0	12443.79	0.13293	0.39035	0.45989	0.9522849574241914	13.97
2.0	12444.99	0.0855	0.16083	0.72147	-2.9852263780081643	9.89
3.0	12450.445	0.08006	0.14831	0.73356	-4.3795896585325345	6.655
1.0	12497.585	0.14954	0.36846	0.57978	0.24983834146075745	52.595
2.0	12498.83	0.07458	0.13842	0.7697	-0.32977836144290307	48.385
3.0	12502.525	0.07039	0.12939	0.77709	-4.987814874712737	4.94
1.0	12508.965	0.14099	0.41328	0.43432	-0.29027147811900256	10.135
2.0	12510.47	0.07756	0.14343	0.70017	-3.5022437363225047	7.945
3.0	12518.865	0.06973	0.13208	0.7253	-3.1038883943626163	9.9
1.0	12598.06	0.16439	0.33824	0.69428	0.043243922823408665	87.59
2.0	12599.23	0.06453	0.11038	0.83524	-0.0907891349025608	80.365
3.0	12603.76	0.0617	0.10474	0.84148	-4.3482303550185115	5.7
1.0	12612.435	0.15196	0.38331	0.53182	1.190611289909264	13.205
2.0	12613.395	0.06775	0.1176	0.77698	-3.1993531500273886	9.635
1.0	12698.225	0.16249	0.32465	0.71502	0.0783133416066941	84.83
2.0	12699.4	0.0593	0.09771	0.86697	0.14034197123420206	95.64
3.0	12704.445	0.05456	0.08566	0.90988	-3.9521480720727675	6.22
1.0	12798.125	0.15715	0.27731	0.80958	0.04116121022341798	98.72500000000001
2.0	12799.355	0.05729	0.08897	0.91986	-0.03799169131390221	94.91
3.0	12805.32	0.05373	0.08176	0.93871	-3.2613877905507365	7.195
1.0	12898.125	0.1491	0.25138	0.84736	0.03728695016654988	98.77
2.0	12899.435	0.05945	0.0903	0.94046	-0.043160105366948476	94.115
3.0	12904.82	0.05717	0.08607	0.94896	-3.591525933124288	6.695
1.0	12998.12	0.14372	0.23723	0.86548	0.031905053546083736	98.685
2.0	12999.49	0.06402	0.09658	0.94688	-0.03958960842150321	94.67
3.0	13004.02	0.06258	0.09403	0.95079	-4.188152107310571	5.9
1.0	13012.275	0.15598	0.29892	0.70501	0.3760181015523137	12.785
2.0	13013.425	0.08213	0.12776	0.87423	-3.26928539805731	9.405
3.0	13019.86	0.07952	0.12458	0.88168	-4.061147864420479	7.585
1.0	13028.84	0.14474	0.34765	0.57147	1.3210409065275657	15.415000000000001
2.0	13029.82	0.0889	0.15354	0.79844	-3.21535158985501	9.96
3.0	13035.1	0.08407	0.14267	0.80409	-4.533089926614788	6.26
1.0	13043.79	0.13293	0.39035	0.45989	0.9522849574241914	13.97
2.0	13044.99	0.0855	0.16083	0.72147	-2.9852263780081625	9.89
3.0	13050.445	0.08006	0.14831	0.73356	-4.3795896585325345	6.655
1.0	13097.585	0.14954	0.36846	0.57978	0.24983834146075745	52.595
2.0	13098.83	0.07458	0.13842	0.7697	-0.32977836144290307	48.385
3.0	13102.525	0.07039	0.12939	0.77709	-4.987814874712737	4.94
1.0	13108.965	0.14099	0.41328	0.43432	-0.29027147811900256	10.135
2.0	13110.47	0.07756	0.14343	0.70017	-3.5022437363225047	7.945
3.0	13118.865	0.06973	0.13208	0.7253	-3.1038883943626163	9.9
1.0	13198.06	0.16439	0.33824	0.69428	0.043243922823408665	87.59
2.0	13199.23	0.06453	0.11038	0.83524	-0.0907891349025608	80.365
3.0	13203.76	0.0617	0.10474	0.84148	-4.3482303550185115	5.7
1.0	13212.435	0.15196	0.38331	0.53182	1.190611289909264	13.205
2.0	13213.395	0.06775	0.1176	0.77698	-3.1993531500273886	9.635
1.0	13298.225	0.16249	0.32465	0.71502	0.0783133416066941	84.83
2.0	13299.4	0.0593	0.09771	0.86697	0.14034197123420208	95.64
3.0	13304.445	0.05456	0.08566	0.90988	-3.9521480720727675	6.22
1.0	13398.125	0.15715	0.27731	0.80958	0.04116121022341798	98.72500000000001
2.0	13399.355	0.05729	0.08897	0.91986	-0.03799169131390215	94.91
3.0	13405.32	0.05373	0.08176	0.93871	-3.2613877905507365	7.195
1.0	13498.125	0.1491	0.25138	0.84736	0.03728695016654988	98.77
2.0	13499.435	0.05945	0.0903	0.94046	-0.043160105366948476	94.115
3.0	13504.82	0.05717	0.08607	0.94896	-3.591525933124288	6.695
1.0	13598.12	0.14372	0.23723	0.86548	0.031905053546083736	98.685
2.0	13599.49	0.06402	0.09658	0.94688	-0.03958960842150321	94.67
3.0	13604.02	0.06258	0.09403	0.95079	-4.188152107310571	5.9
1.0	13612.275	0.15598	0.29892	0.70501	0.3760181015523137	12.785
2.0	13613.425	0.08213	0.12776	0.87423	-3.2692853980573098	9.405
3.0	13619.86	0.07952	0.12458	0.88168	-4.061147864420479	7.585
1.0	13628.84	0.14474	0.34765	0.57147	1.3210409065275657	15.415000000000001
2.0	13629.82	0.0889	0.15354	0.79844	-3.2153515898550094	9.96
3.0	13635.1	0.08407	0.14267	0.80409	-4.533089926614788	6.26
1.0	13643.79	0.13293	0.39035	0.45989	0.9522849574241914	13.97
2.0	13644.99	0.0855	0.16083	0.72147	-2.9852263780081625	9.89
3.0	13650.445	0.08006	0.14831	0.73356	-4.3795896585325345	6.655
1.0	13697.585	0.14954	0.36846	0.57978	0.24983834146075745	52.595
2.0	13698.83	0.07458	0.13842	0.7697	-0.32977836144290307	48.385
3.0	13702.525	0.07039	0.12939	0.77709	-4.987814874712737	4.94
1.0	13708.965	0.14099	0.41328	0.43432	-0.29027147811900256	10.135
2.0	13710.47	0.07756	0.14343	0.70017	-3.5022437363225047	7.945
3.0	13718.865	0.06973	0.13208	0.7253	-3.1038883943626163	9.9
1.0	13798.06	0.16439	0.33824	0.69428	0.043243922823408665	87.59
2.0	13799.23	0.06453	0.11038	0.83524	-0.09078913490256078	80.365
3.0	13803.76	0.0617	0.10474	0.84148	-4.3482303550185115	5.7
1.0	13812.435	0.15196	0.38331	0.53182	1.190611289909264	13.205
2.0	13813.395	0.06775	0.1176	0.77698	-3.1993531500273886	9.635
1.0	13898.225	0.16249	0.32465	0.71502	0.0783133416066941	84.83
2.0	13899.4	0.0593	0.09771	0.86697	0.14034197123420206	95.64
3.0	13904.445	0.05456	0.08566	0.90988	-3.9521480720727675	6.22
1.0	13998.125	0.15715	0.27731	0.80958	0.04116121022341798	98.72500000000001
2.0	13999.355	0.05729	0.08897	0.91986	-0.03799169131390215	94.91
3.0	14005.32	0.05373	0.08176	0.93871	-3.2613877905507365	7.195
1.0	14098.125	0.1491	0.25138	0.84736	0.03728695016654988	98.77
2.0	14099.435	0.05945	0.0903	0.94046	-0.043160105366948476	94.115
3.0	14104.82	0.05717	0.08607	0.94896	-3.591525933124288	6.695
1.0	14198.12	0.14372	0.23723	0.86548	0.031905053546083736	98.685
2.0	14199.49	0.06402	0.09658	0.94688	-0.03958960842150321	94.67
3.0	14204.02	0.06258	0.09403	0.95079	-4.188152107310571	5.9
1.0	14212.275	0.15598	0.29892	0.70501	0.3760181015523137	12.785
2.0	14213.425	0.08213	0.12776	0.87423	-3.2692853980573098	9.405
3.0	14219.86	0.07952	0.12458	0.88168	-4.061147864420479	7.585
1.0	14228.84	0.14474	0.34765	0.57147	1.3210409065275657	15.415000000000001
2.0	14229.82	0.0889	0.15354	0.79844	-3.2153515898550094	9.96
3.0	14235.1	0.08407	0.14267	0.80409	-4.533089926614788	6.26
1.0	14243.79	0.13293	0.39035	0.45989	0.9522849574241914	13.97
2.0	14244.99	0.0855	0.16083	0.72147	-2.9852263780081625	9.89
3.0	14250.445	0.08006	0.14831	0.73356	-4.3795896585325345	6.655
1.0	14297.585	0.14954	0.36846	0.57978	0.24983834146075745	52.595
2.0	14298.83	0.07458	0.13842	0.7697	-0.32977836144290307	48.385
3.0	14302.525	0.07039	0.12939	0.77709	-4.987814874712737	4.94
1.0	14308.965	0.14099	0.41328	0.43432	-0.29027147811900256	10.135
2.0	14310.47	0.07756	0.14343	0.70017	-3.5022437363225047	7.945
3.0	14318.865	0.06973	0.13208	0.7253	-3.1038883943626163	9.9
1.0	14398.06	0.16439	0.33824	0.69428	0.043243922823408665	87.59
2.0	14399.23	0.06453	0.11038	0.83524	-0.09078913490256078	80.365
3.0	14403.76	0.0617	0.10474	0.84148	-4.3482303550185115	5.7
1.0	14412.435	0.15196	0.38331	0.53182	1.190611289909264	13.205
2.0	14413.395	0.06775	0.1176	0.77698	-3.1993531500273886	9.635
1.0	14498.225	0.16249	0.32465	0.71502	0.0783133416066941	84.83
2.0	14499.4	0.0593	0.09771	0.86697	0.14034197123420206	95.64
3.0	14504.445	0.05456	0.08566	0.90988	-3.9521480720727675	6.22
1.0	14598.125	0.15715	0.27731	0.80958	0.04116121022341798	98.72500000000001
2.0	14599.355	0.05729	0.08897	0.91986	-0.03799169131390215	94.91
3.0	14605.32	0.05373	0.08176	0.93871	-3.2613877905507365	7.195
1.0	14698.125	0.1491	0.25138	0.84736	0.03728695016654988	98.77
2.0	14699.435	0.05945	0.0903	0.94046	-0.043160105366948476	94.115
3.0	14704.82	0.05717	0.08607	0.94896	-3.591525933124288	6.695
1.0	14798.12	0.14372	0.23723	0.86548	0.031905053546083736	98.685
2.0	14799.49	0.06402	0.09658	0.94688	-0.03958960842150321	94.67
3.0	14804.02	0.06258	0.09403	0.95079	-4.188152107310571	5.9
1.0	14812.275	0.15598	0.29892	0.70501	0.3760181015523137	12.785
2.0	14813.425	0.08213	0.12776	0.87423	-3.2692853980573098	9.405
3.0	14819.86	0.07952	0.12458	0.88168	-4.061147864420479	7.585
1.0	14828.84	0.14474	0.34765	0.57147	1.3210409065275657	15.415000000000001
2.0	14829.82	0.0889	0.15354	0.79844	-3.2153515898550094	9.96
3.0	14835.1	0.08407	0.14267	0.80409	-4.533089926614788	6.26
1.0	14843.79	0.13293	0.39035	0.45989	0.9522849574241914	13.97
2.0	14844.99	0.0855	0.16083	0.72147	-2.9852263780081625	9.89
3.0	14850.445	0.08006	0.14831	0.73356	-4.3795896585325345	6.655
1.0	14897.585	0.14954	0.36846	0.57978	0.24983834146075745	52.595
2.0	14898.83	0.07458	0.13842	0.7697	-0.32977836144290307	48.385
3.0	14902.525	0.07039	0.12939	0.77709	-4.987814874712737	4.94
1.0	14908.965	0.14099	0.41328	0.43432	-0.29027147811900256	10.135
2.0	14910.47	0.07756	0.14343	0.70017	-3.5022437363225047	7.945
3.0	14918.865	0.06973	0.13208	0.7253	-3.1038883943626163	9.9
1.0	14998.06	0.16439	0.33824	0.69428	0.043243922823408665	87.59
2.0	14999.23	0.06453	0.11038	0.83524	-0.09078913490256078	80.365
3.0	15003.76	0.0617	0.10474	0.84148	-4.3482303550185115	5.7
1.0	15012.435	0.15196	0.38331	0.53182	1.190611289909264	13.205
2.0	15013.395	0.06775	0.1176	0.77698	-3.1993531500273886	9.635
1.0	15098.225	0.16249	0.32465	0.71502	0.0783133416066941	84.83
2.0	15099.4	0.0593	0.09771	0.86697	0.14034197123420206	95.64
3.0	15104.445	0.05456	0.08566	0.90988	-3.9521480720727675	6.22
1.0	15198.125	0.15715	0.27731	0.80958	0.04116121022341798	98.72500000000001
2.0	15199.355	0.05729	0.08897	0.91986	-0.03799169131390215	94.91
3.0	15205.32	0.05373	0.08176	0.93871	-3.2613877905507365	7.195
1.0	15298.125	0.1491	0.25138	0.84736	0.03728695016654988	98.77
2.0	15299.435	0.05945	0.0903	0.94046	-0.043160105366948476	94.115
3.0	15304.82	0.05717	0.08607	0.94896	-3.591525933124288	6.695
1.0	15398.12	0.14372	0.23723	0.86548	0.031905053546083736	98.685
2.0	15399.49	0.06402	0.09658	0.94688	-0.03958960842150321	94.67
3.0	15404.02	0.06258	0.09403	0.95079	-4.188152107310571	5.9
1.0	15412.275	0.15598	0.29892	0.70501	0.3760181015523137	12.785
2.0	15413.425	0.08213	0.12776	0.87423	-3.2692853980573098	9.405
3.0	15419.86	0.07952	0.12458	0.88168	-4.061147864420479	7.585
1.0	15428.84	0.14474	0.34765	0.57147	1.3210409065275657	15.415000000000001
2.0	15429.82	0.0889	0.15354	0.79844	-3.2153515898550094	9.96
3.0	15435.1	0.08407	0.14267	0.80409	-4.533089926614788	6.26
1.0	15443.79	0.13293	0.39035	0.45989	0.9522849574241914	13.97
2.0	15444.99	0.0855	0.16083	0.72147	-2.9852263780081625	9.89
3.0	15450.445	0.08006	0.14831	0.73356	-4.3795896585325345	6.655
1.0	15497.585	0.14954	0.36846	0.57978	0.24983834146075745	52.595
2.0	15498.83	0.07458	0.13842	0.7697	-0.32977836144290307	48.385
3.0	15502.525	0.07039	0.12939	0.77709	-4.987814874712737	4.94
1.0	15508.965	0.14099	0.41328	0.43432	-0.29027147811900256	10.135
2.0	15510.47	0.07756	0.14343	0.70017	-3.5022437363225047	7.945
3.0	15518.865	0.06973	0.13208	0.7253	-3.1038883943626163	9.9
1.0	15598.06	0.16439	0.33824	0.69428	0.043243922823408665	87.59
2.0	15599.23	0.06453	0.11038	0.83524	-0.09078913490256078	80.365
3.0	15603.76	0.0617	0.10474	0.84148	-4.3482303550185115	5.7
1.0	15612.435	0.15196	0.38331	0.53182	1.190611289909264	13.205
2.0	15613.395	0.06775	0.1176	0.77698	-3.1993531500273886	9.635
1.0	15698.225	0.16249	0.32465	0.71502	0.0783133416066941	84.83
2.0	15699.4	0.0593	0.09771	0.86697	0.14034197123420206	95.64
3.0	15704.445	0.05456	0.08566	0.90988	-3.9521480720727675	6.22
1.0	15798.125	0.15715	0.27731	0.80958	0.04116121022341798	98.72500000000001
2.0	15799.355	0.05729	0.08897	0.91986	-0.03799169131390215	94.91
3.0	15805.32	0.05373	0.08176	0.93871	-3.2613877905507365	7.195
1.0	15898.125	0.1491	0.25138	0.84736	0.03728695016654988	98.77
2.0	15899.435	0.05945	0.0903	0.94046	-0.043160105366948476	94.115
3.0	15904.82	0.05717	0.08607	0.94896	-3.591525933124288	6.695
1.0	15998.12	0.14372	0.23723	0.86548	0.031905053546083736	98.685
2.0	15999.49	0.06402	0.09658	0.94688	-0.03958960842150321	94.67
3.0	16004.02	0.06258	0.09403	0.95079	-4.188152107310571	5.9
1.0	16012.275	0.15598	0.29892	0.70501	0.3760181015523137	12.785
2.0	16013.425	0.08213	0.12776	0.87423	-3.2692853980573098	9.405
3.0	16019.86	0.07952	0.12458	0.88168	-4.061147864420479	7.585
1.0	16028.84	0.14474	0.34765	0.57147	1.3210409065275657	15.415000000000001
2.0	16029.82	0.0889	0.15354	0.79844	-3.2153515898550094	9.96
3.0	16035.1	0.08407	0.14267	0.80409	-4.533089926614788	6.26
1.0	16043.79	0.13293	0.39035	0.45989	0.9522849574241914	13.97
2.0	16044.99	0.0855	0.16083	0.72147	-2.9852263780081625	9.89
3.0	16050.445	0.08006	0.14831	0.73356	-4.3795896585325345	6.655
1.0	16097.585	0.14954	0.36846	0.57978	0.24983834146075745	52.595
2.0	16098.83	0.07458	0.13842	0.7697	-0.32977836144290307	48.385
3.0	16102.525	0.07039	0.12939	0.77709	-4.987814874712737	4.94
1.0	16108.965	0.14099	0.41328	0.43432	-0.29027147811900256	10.135
2.0	16110.47	0.07756	0.14343	0.70017	-3.5022437363225047	7.945
3.0	16118.865	0.06973	0.13208	0.7253	-3.1038883943626163	9.9
1.0	16198.06	0.16439	0.33824	0.69428	0.043243922823408665	87.59
2.0	16199.23	0.06453	0.11038	0.83524	-0.09078913490256078	80.365
3.0	16203.76	0.0617	0.10474	0.84148	-4.3482303550185115	5.7
1.0	16212.435	0.15196	0.38331	0.53182	1.190611289909264	13.205
2.0	16213.395	0.06775	0.1176	0.77698	-3.1993531500273886	9.635
1.0	16298.225	0.16249	0.32465	0.71502	0.0783133416066941	84.83
2.0	16299.4	0.0593	0.09771	0.86697	0.14034197123420206	95.64
3.0	16304.445	0.05456	0.08566	0.90988	-3.9521480720727675	6.22
1.0	16398.125	0.15715	0.27731	0.80958	0.04116121022341798	98.72500000000001
2.0	16399.355	0.05729	0.08897	0.91986	-0.03799169131390215	94.91
3.0	16405.32	0.05373	0.08176	0.93871	-3.2613877905507365	7.195
1.0	16498.125	0.1491	0.25138	0.84736	0.03728695016654988	98.77
2.0	16499.435	0.05945	0.0903	0.94046	-0.043160105366948476	94.115
3.0	16504.82	0.05717	0.08607	0.94896	-3.591525933124288	6.695
1.0	16598.12	0.14372	0.23723	0.86548	0.031905053546083736	98.685
2.0	16599.49	0.06402	0.09658	0.94688	-0.03958960842150321	94.67
3.0	16604.02	0.06258	0.09403	0.95079	-4.188152107310571	5.9
1.0	16612.275	0.15598	0.29892	0.70501	0.3760181015523137	12.785
2.0	16613.425	0.08213	0.12776	0.87423	-3.2692853980573098	9.405
3.0	16619.86	0.07952	0.12458	0.88168	-4.061147864420479	7.585
1.0	16628.84	0.14474	0.34765	0.57147	1.3210409065275657	15.415000000000001
2.0	16629.82	0.0889	0.15354	0.79844	-3.2153515898550094	9.96
3.0	16635.1	0.08407	0.14267	0.80409	-4.533089926614788	6.26
1.0	16643.79	0.13293	0.39035	0.45989	0.9522849574241914	13.97
2.0	16644.99	0.0855	0.16083	0.72147	-2.9852263780081625	9.89
3.0	16650.445	0.08006	0.14831	0.73356	-4.3795896585325345	6.655
1.0	16697.585	0.14954	0.36846	0.57978	0.24983834146075745	52.595
2.0	16698.83	0.07458	0.13842	0.7697	-0.32977836144290307	48.385
3.0	16702.525	0.07039	0.12939	0.77709	-4.987814874712737	4.94
1.0	16708.965	0.14099	0.41328	0.43432	-0.29027147811900256	10.135
2.0	16710.47	0.07756	0.14343	0.70017	-3.5022437363225047	7.945
3.0	16718.865	0.06973	0.13208	0.7253	-3.1038883943626163	9.9
1.0	16798.06	0.16439	0.33824	0.69428	0.043243922823408665	87.59
2.0	16799.23	0.06453	0.11038	0.83524	-0.09078913490256078	80.365
3.0	16803.76	0.0617	0.10474	0.84148	-4.3482303550185115	5.7
1.0	16812.435	0.15196	0.38331	0.53182	1.190611289909264	13.205
2.0	16813.395	0.06775	0.1176	0.77698	-3.1993531500273886	9.635
1.0	16898.225	0.16249	0.32465	0.71502	0.0783133416066941	84.83
2.0	16899.4	0.0593	0.09771	0.86697	0.14034197123420206	95.64
3.0	16904.445	0.05456	0.08566	0.90988	-3.9521480720727675	6.22
1.0	16998.125	0.15715	0.27731	0.80958	0.04116121022341798	98.72500000000001
2.0	16999.355	0.05729	0.08897	0.91986	-0.03799169131390215	94.91
3.0	17005.32	0.05373	0.08176	0.93871	-3.2613877905507365	7.195
1.0	17098.125	0.1491	0.25138	0.84736	0.03728695016654988	98.77
2.0	17099.435	0.05945	0.0903	0.94046	-0.043160105366948476	94.115
3.0	17104.82	0.05717	0.08607	0.94896	-3.591525933124288	6.695
1.0	17198.12	0.14372	0.23723	0.86548	0.031905053546083736	98.685
2.0	17199.49	0.06402	0.09658	0.94688	-0.03958960842150321	94.67
3.0	17204.02	0.06258	0.09403	0.95079	-4.188152107310571	5.9
1.0	17212.275	0.15598	0.29892	0.70501	0.3760181015523137	12.785
2.0	17213.425	0.08213	0.12776	0.87423	-3.2692853980573098	9.405
3.0	17219.86	0.07952	0.12458	0.88168	-4.061147864420479	7.585
1.0	17228.84	0.14474	0.34765	0.57147	1.3210409065275657	15.415000000000001
2.0	17229.82	0.0889	0.15354	0.79844	-3.2153515898550094	9.96
3.0	17235.1	0.08407	0.14267	0.80409	-4.533089926614788	6.26
1.0	17243.79	0.13293	0.39035	0.45989	0.9522849574241914	13.97
2.0	17244.99	0.0855	0.16083	0.72147	-2.9852263780081625	9.89
3.0	17250.445	0.08006	0.14831	0.73356	-4.3795896585325345	6.655
1.0	17297.585	0.14954	0.36846	0.57978	0.24983834146075745	52.595
2.0	17298.83	0.07458	0.13842	0.7697	-0.32977836144290307	48.385
3.0	17302.525	0.07039	0.12939	0.77709	-4.987814874712737	4.94
1.0	17308.965	0.14099	0.41328	0.43432	-0.29027147811900256	10.135
2.0	17310.47	0.07756	0.14343	0.70017	-3.5022437363225047	7.945
3.0	17318.865	0.06973	0.13208	0.7253	-3.1038883943626163	9.9
1.0	17398.06	0.16439	0.33824	0.69428	0.043243922823408665	87.59
2.0	17399.23	0.06453	0.11038	0.83524	-0.09078913490256078	80.365
3.0	17403.76	0.0617	0.10474	0.84148	-4.3482303550185115	5.7
1.0	17412.435	0.15196	0.38331	0.53182	1.190611289909264	13.205
2.0	17413.395	0.06775	0.1176	0.77698	-3.1993531500273886	9.635
1.0	17498.225	0.16249	0.32465	0.71502	0.0783133416066941	84.83
2.0	17499.4	0.0593	0.09771	0.86697	0.14034197123420206	95.64
3.0	17504.445	0.05456	0.08566	0.90988	-3.9521480720727675	6.22
1.0	17598.125	0.15715	0.27731	0.80958	0.04116121022341798	98.72500000000001
2.0	17599.355	0.05729	0.08897	0.91986	-0.03799169131390215	94.91
3.0	17605.32	0.05373	0.08176	0.93871	-3.2613877905507365	7.195
1.0	17698.125	0.1491	0.25138	0.84736	0.03728695016654988	98.77
2.0	17699.435	0.05945	0.0903	0.94046	-0.043160105366948476	94.115
3.0	17704.82	0.05717	0.08607	0.94896	-3.591525933124288	6.695
1.0	17798.12	0.14372	0.23723	0.86548	0.031905053546083736	98.685
2.0	17799.49	0.06402	0.09658	0.94688	-0.03958960842150321	94.67
3.0	17804.02	0.06258	0.09403	0.95079	-4.188152107310571	5.9
1.0	17812.275	0.15598	0.29892	0.70501	0.3760181015523137	12.785
2.0	17813.425	0.08213	0.12776	0.87423	-3.2692853980573098	9.405
3.0	17819.86	0.07952	0.12458	0.88168	-4.061147864420479	7.585
1.0	17828.84	0.14474	0.34765	0.57147	1.3210409065275657	15.415000000000001
2.0	17829.82	0.0889	0.15354	0.79844	-3.2153515898550094	9.96
3.0	17835.1	0.08407	0.14267	0.80409	-4.533089926614788	6.26
1.0	17843.79	0.13293	0.39035	0.45989	0.9522849574241914	13.97
2.0	17844.99	0.0855	0.16083	0.72147	-2.9852263780081625	9.89
3.0	17850.445	0.08006	0.14831	0.73356	-4.3795896585325345	6.655
1.0	17897.585	0.14954	0.36846	0.57978	0.24983834146075745	52.595
2.0	17898.83	0.07458	0.13842	0.7697	-0.32977836144290307	48.385
3.0	17902.525	0.07039	0.12939	0.77709	-4.987814874712737	4.94
1.0	17908.965	0.14099	0.41328	0.43432	-0.29027147811900256	10.135
2.0	17910.47	0.07756	0.14343	0.70017	-3.5022437363225047	7.945
3.0	17918.865	0.06973	0.13208	0.7253	-3.1038883943626163	9.9
1.0	17998.06	0.16439	0.33824	0.69428	0.043243922823408665	87.59
2.0	17999.23	0.06453	0.11038	0.83524	-0.09078913490256078	80.365
3.0	18003.76	0.0617	0.10474	0.84148	-4.3482303550185115	5.7
1.0	18012.435	0.15196	0.38331	0.53182	1.190611289909264	13.205
2.0	18013.395	0.06775	0.1176	0.77698	-3.1993531500273886	9.635
1.0	18098.225	0.16249	0.32465	0.71502	0.0783133416066941	84.83
2.0	18099.4	0.0593	0.09771	0.86697	0.14034197123420206	95.64
3.0	18104.445	0.05456	0.08566	0.90988	-3.9521480720727675	6.22
1.0	18198.125	0.15715	0.27731	0.80958	0.04116121022341798	98.72500000000001
2.0	18199.355	0.05729	0.08897	0.91986	-0.03799169131390215	94.91
3.0	18205.32	0.05373	0.08176	0.93871	-3.2613877905507365	7.195
1.0	18298.125	0.1491	0.25138	0.84736	0.03728695016654988	98.77
2.0	18299.435	0.05945	0.0903	0.94046	-0.043160105366948476	94.115
3.0	18304.82	0.05717	0.08607	0.94896	-3.591525933124288	6.695
1.0	18398.12	0.14372	0.23723	0.86548	0.031905053546083736	98.685
2.0	18399.49	0.06402	0.09658	0.94688	-0.03958960842150321	94.67
3.0	18404.02	0.06258	0.09403	0.95079	-4.188152107310571	5.9
1.0	18412.275	0.15598	0.29892	0.70501	0.3760181015523137	12.785
2.0	18413.425	0.08213	0.12776	0.87423	-3.2692853980573098	9.405
3.0	18419.86	0.07952	0.12458	0.88168	-4.061147864420479	7.585
1.0	18428.84	0.14474	0.34765	0.57147	1.3210409065275657	15.415000000000001
2.0	18429.82	0.0889	0.15354	0.79844	-3.2153515898550094	9.96
3.0	18435.1	0.08407	0.14267	0.80409	-4.533089926614788	6.26
1.0	18443.79	0.13293	0.39035	0.45989	0.9522849574241914	13.97
2.0	18444.99	0.0855	0.16083	0.72147	-2.9852263780081625	9.89
3.0	18450.445	0.08006	0.14831	0.73356	-4.3795896585325345	6.655
1.0	18497.585	0.14954	0.36846	0.57978	0.24983834146075745	52.595
2.0	18498.83	0.07458	0.13842	0.7697	-0.32977836144290307	48.385
3.0	18502.525	0.07039	0.12939	0.77709	-4.987814874712737	4.94
1.0	18508.965	0.14099	0.41328	0.43432	-0.29027147811900256	10.135
2.0	18510.47	0.07756	0.14343	0.70017	-3.5022437363225047	7.945
3.0	18518.865	0.06973	0.13208	0.7253	-3.1038883943626163	9.9
1.0	18598.06	0.16439	0.33824	0.69428	0.043243922823408665	87.59
2.0	18599.23	0.06453	0.11038	0.83524	-0.09078913490256078	80.365
3.0	18603.76	0.0617	0.10474	0.84148	-4.3482303550185115	5.7
1.0	18612.435	0.15196	0.38331	0.53182	1.190611289909264	13.205
2.0	18613.395	0.06775	0.1176	0.77698	-3.1993531500273886	9.635
1.0	18698.225	0.16249	0.32465	0.71502	0.0783133416066941	84.83
2.0	18699.4	0.0593	0.09771	0.86697	0.14034197123420206	95.64
3.0	18704.445	0.05456	0.08566	0.90988	-3.9521480720727675	6.22
1.0	18798.125	0.15715	0.27731	0.80958	0.04116121022341798	98.72500000000001
2.0	18799.355	0.05729	0.08897	0.91986	-0.03799169131390215	94.91
3.0	18805.32	0.05373	0.08176	0.93871	-3.2613877905507365	7.195
1.0	18898.125	0.1491	0.25138	0.84736	0.03728695016654988	98.77
2.0	18899.435	0.05945	0.0903	0.94046	-0.043160105366948476	94.115
3.0	18904.82	0.05717	0.08607	0.94896	-3.591525933124288	6.695
1.0	18998.12	0.14372	0.23723	0.86548	0.031905053546083736	98.685
2.0	18999.49	0.06402	0.09658	0.94688	-0.03958960842150321	94.67
3.0	19004.02	0.06258	0.09403	0.95079	-4.188152107310571	5.9
1.0	19012.275	0.15598	0.29892	0.70501	0.3760181015523137	12.785
2.0	19013.425	0.08213	0.12776	0.87423	-3.2692853980573098	9.405
3.0	19019.86	0.07952	0.12458	0.88168	-4.061147864420479	7.585
1.0	19028.84	0.14474	0.34765	0.57147	1.3210409065275657	15.415000000000001
2.0	19029.82	0.0889	0.15354	0.79844	-3.2153515898550094	9.96
3.0	19035.1	0.08407	0.14267	0.80409	-4.533089926614788	6.26
1.0	19043.79	0.13293	0.39035	0.45989	0.9522849574241914	13.97
2.0	19044.99	0.0855	0.16083	0.72147	-2.9852263780081625	9.89
3.0	19050.445	0.08006	0.14831	0.73356	-4.3795896585325345	6.655
1.0	19097.585	0.14954	0.36846	0.57978	0.24983834146075745	52.595
2.0	19098.83	0.07458	0.13842	0.7697	-0.32977836144290307	48.385
3.0	19102.525	0.07039	0.12939	0.77709	-4.987814874712737	4.94
1.0	19108.965	0.14099	0.41328	0.43432	-0.29027147811900256	10.135
2.0	19110.47	0.07756	0.14343	0.70017	-3.5022437363225047	7.945
3.0	19118.865	0.06973	0.13208	0.7253	-3.1038883943626163	9.9
1.0	19198.06	0.16439	0.33824	0.69428	0.043243922823408665	87.59
2.0	19199.23	0.06453	0.11038	0.83524	-0.09078913490256078	80.365
3.0	19203.76	0.0617	0.10474	0.84148	-4.3482303550185115	5.7
1.0	19212.435	0.15196	0.38331	0.53182	1.190611289909264	13.205
2.0	19213.395	0.06775	0.1176	0.77698	-3.1993531500273886	9.635
1.0	19298.225	0.16249	0.32465	0.71502	0.0783133416066941	84.83
2.0	19299.4	0.0593	0.09771	0.86697	0.14034197123420206	95.64
3.0	19304.445	0.05456	0.08566	0.90988	-3.9521480720727675	6.22
1.0	19398.125	0.15715	0.27731	0.80958	0.04116121022341798	98.72500000000001
2.0	19399.355	0.05729	0.08897	0.91986	-0.03799169131390215	94.91
3.0	19405.32	0.05373	0.08176	0.93871	-3.2613877905507365	7.195
1.0	19498.125	0.1491	0.25138	0.84736	0.03728695016654988	98.77
2.0	19499.435	0.05945	0.0903	0.94046	-0.043160105366948476	94.115
3.0	19504.82	0.05717	0.08607	0.94896	-3.591525933124288	6.695
1.0	19598.12	0.14372	0.23723	0.86548	0.031905053546083736	98.685
2.0	19599.49	0.06402	0.09658	0.94688	-0.03958960842150321	94.67
3.0	19604.02	0.06258	0.09403	0.95079	-4.188152107310571	5.9
1.0	19612.275	0.15598	0.29892	0.70501	0.3760181015523137	12.785
2.0	19613.425	0.08213	0.12776	0.87423	-3.2692853980573098	9.405
3.0	19619.86	0.07952	0.12458	0.88168	-4.061147864420479	7.585
1.0	19628.84	0.14474	0.34765	0.57147	1.3210409065275657	15.415000000000001
2.0	19629.82	0.0889	0.15354	0.79844	-3.2153515898550094	9.96
3.0	19635.1	0.08407	0.14267	0.80409	-4.533089926614788	6.26
1.0	19643.79	0.13293	0.39035	0.45989	0.9522849574241914	13.97
2.0	19644.99	0.0855	0.16083	0.72147	-2.9852263780081625	9.89
3.0	19650.445	0.08006	0.14831	0.73356	-4.3795896585325345	6.655
1.0	19697.585	0.14954	0.36846	0.57978	0.24983834146075745	52.595
2.0	19698.83	0.07458	0.13842	0.7697	-0.32977836144290307	48.385
3.0	19702.525	0.07039	0.12939	0.77709	-4.987814874712737	4.94
1.0	19708.965	0.14099	0.41328	0.43432	-0.29027147811900256	10.135
2.0	19710.47	0.07756	0.14343	0.70017	-3.5022437363225047	7.945
3.0	19718.865	0.06973	0.13208	0.7253	-3.1038883943626163	9.9
1.0	19798.06	0.16439	0.33824	0.69428	0.043243922823408665	87.59
2.0	19799.23	0.06453	0.11038	0.83524	-0.09078913490256078	80.365
3.0	19803.76	0.0617	0.10474	0.84148	-4.3482303550185115	5.7
1.0	19812.435	0.15196	0.38331	0.53182	1.190611289909264	13.205
2.0	19813.395	0.06775	0.1176	0.77698	-3.1993531500273886	9.635
1.0	19898.225	0.16249	0.32465	0.71502	0.0783133416066941	84.83
2.0	19899.4	0.0593	0.09771	0.86697	0.14034197123420206	95.64
3.0	19904.445	0.05456	0.08566	0.90988	-3.9521480720727675	6.22
1.0	19998.125	0.15715	0.27731	0.80958	0.04116121022341798	98.72500000000001
2.0	19999.355	0.05729	0.08897	0.91986	-0.03799169131390215	94.91
